First Vector
Size of vector = 3
2 3 1 
Second Vector
Size of vector = 3
6 7 8 
Their sum
Size of vector = 3
8 10 9 
Their difference
Size of vector = 3
-4 -4 -7 
First Matrix
9 6
7 4 8 2 5 4 
1 2.122e-314 1.08055e-255 6.79039e-313 1.12466e-312 0 
2.58135e-306 2.122e-314 1.08055e-255 6.79039e-313 1.061e-312 0 
2.64264e-306 0 0 0 0 0 
2.64264e-306 0 0 0 9.89191e-315 0 
2.64264e-306 9.89191e-315 0 9.89191e-315 0 9.89191e-315 
2.64264e-306 0 1.11684e+267 0 7.20315e+266 1.11862e+267 
2.64264e-306 8.239e+015 1.17317e+079 5.14432e+064 3.59837e-013 3.50594e+064 
2.64264e-306 0 0 0 0 0 

Second Matrix
6 7
8 1 2 3 4 5 1 
2.64326e-306 0 0 0 0 0 0 
2.64326e-306 0 0 9.89191e-315 0 9.89191e-315 0 
2.64326e-306 9.89191e-315 0 9.89191e-315 0 2.122e-314 0 
2.64326e-306 8.239e+015 1.17317e+079 5.14432e+064 3.59837e-013 3.50594e+064 1.7113e+059 
2.64326e-306 1.7113e+059 8.23897e+015 0 9.89191e-315 0 2.122e-314 

Their Sum
0 0

Their Difference
0 0

Their product
9 7
56 6.84522e+059 5.86583e+079 2.57216e+065 28 1.75297e+065 8.55652e+059 
8 1 2 3 4 5 1 
2.06508e-305 8.74156e-297 1.24473e-233 5.45811e-248 1.03254e-305 3.71979e-248 1.81569e-253 
2.11412e-305 2.64264e-306 5.28529e-306 7.92793e-306 1.05706e-305 1.32132e-305 2.64264e-306 
2.11412e-305 8.14995e-299 1.16049e-235 5.08872e-250 1.05706e-305 3.46804e-250 1.69281e-255 
2.11412e-305 1.69281e-255 8.14992e-299 7.92793e-306 1.05706e-305 1.32132e-305 2.64264e-306 
7.81288e-039 inf inf inf 2.59196e+254 inf inf 
3.10099e-227 5.99972e+123 2.88853e+080 1.85112e+052 1.29483e-025 1.26157e+052 6.15791e+046 
2.11412e-305 2.64264e-306 5.28529e-306 7.92793e-306 1.05706e-305 1.32132e-305 2.64264e-306 

v1 * m1: 
Size of vector = 0

m1 * v1: 
Size of vector = 0

